1.5134073464102258
1.548407346410226
-1.7415926535897874
-1.129092653589785
-0.6915926535897832
0.9009073464102233
1.6184073464102262
-2.896592653589792
-2.33659265358979
0.5334073464102218
1.4784073464102256
1.9684073464102276
1.1109073464102242
-2.844092653589792
-2.4590926535897903
1.4084073464102254
2.4759073464102297
-2.5465926535897907
-0.8665926535897839
-0.16659265358978104
0.39340734641022124
1.565907346410226
2.773407346410231
-0.04409265358978054
-2.4765926535897904
0.9009073464102233
1.2859073464102249
1.9159073464102274
3.000907346410232
-2.599092653589791
-2.2490926535897895
-1.1815926535897852
-1.0940926535897848
-0.009092653589780397
0.830907346410223
1.1109073464102242
-2.879092653589792
-1.7940926535897876
0.37590734641022117
0.39340734641022124
1.3559073464102251
2.51090734641023
-0.9365926535897842
-0.3590926535897818
-0.09659265358978075
0.32340734641022095
0.3584073464102211
0.4284073464102214
-1.1815926535897852
-0.14909265358978097
0.49840734641022166
-2.0215926535897886
-1.374092653589786
0.13090734641022017
2.1959073464102286
2.2484073464102288
-1.8115926535897877
-0.656592653589783
0.9709073464102236
-3.071592653589793
1.4259073464102254
-2.7740926535897916
-1.164092653589785
-0.21909265358978125
0.07840734641021996
0.20090734641022046
0.6384073464102222
1.7759073464102269
1.9509073464102276
1.5309073464102259
2.1959073464102286
0.20090734641022046
1.0059073464102237
1.8809073464102273
2.52840734641023
2.7384073464102308
3.053407346410232
-0.21909265358978125
0.2359073464102206
2.265907346410229
-2.599092653589791
-2.5115926535897906
-1.391592653589786
-1.164092653589785
1.075907346410224
-1.8290926535897878
0.8484073464102231
-0.1315926535897809
-1.9165926535897881
1.3734073464102252
1.4434073464102255
1.4609073464102256
-2.9315926535897923
2.9659073464102317
2.58090734641023
0.20090734641022046
0.830907346410223
-1.899092653589788
-1.881592653589788
0.025907346410219745
0.5509073464102219
1.1809073464102244
2.4409073464102296
-2.9490926535897923
-1.2515926535897854
-1.2165926535897853
0.3059073464102209
0.8134073464102229
2.7034073464102306
3.018407346410232
-2.7740926535897916
-2.33659265358979
0.5509073464102219
2.9134073464102315
3.018407346410232
-1.0065926535897844
-0.1840926535897811
-2.126592653589789
0.9884073464102237
3.018407346410232
-0.20159265358978118
2.3884073464102293
-1.899092653589788
-1.164092653589785
-0.7615926535897835
-0.23659265358978132
0.5509073464102219
1.4609073464102256
-2.0215926535897886
-0.06159265358978061
2.1259073464102283
-1.7765926535897876
-0.2540926535897814
0.7784073464102228
2.353407346410229
2.755907346410231
-1.4265926535897862
0.20090734641022046
-2.3015926535897897
-2.0040926535897885
-3.0540926535897928
-2.0215926535897886
-0.20159265358978118
2.038407346410228
2.4584073464102296
-2.3190926535897898
1.5134073464102258
1.565907346410226
-0.21909265358978125
0.4284073464102214
1.565907346410226
-2.9315926535897923
-0.7440926535897834
0.09590734641022003
0.2359073464102206
1.583407346410226
1.810907346410227
1.8984073464102273
3.035907346410232
-0.3590926535897818
-0.06159265358978061
0.9534073464102235
3.088407346410232
2.7034073464102306
2.353407346410229
0.7084073464102225
-1.8290926535897878
0.7084073464102225
2.4059073464102294
-1.636592653589787
-0.901592653589784
1.093407346410224
-2.7215926535897914
-0.7440926535897834
1.0234073464102238
1.7409073464102267
1.9334073464102275
2.108407346410228
-2.861592653589792
2.6334073464102303
-2.6865926535897913
-1.0765926535897847
0.568407346410222
0.6034073464102221
1.1634073464102244
1.6709073464102264
0.21840734641022053
2.9484073464102316
-2.6865926535897913
-1.899092653589788
-0.639092653589783
0.21840734641022053
0.9009073464102233
1.093407346410224
2.4584073464102296
2.8959073464102314
-2.109092653589789
0.06090734641021989
0.6909073464102224
-2.914092653589792
-2.669092653589791
-0.27159265358978146
2.4234073464102295
-2.844092653589792
-2.2140926535897894
-2.109092653589789
0.5509073464102219
2.283407346410229
2.9484073464102316
-2.826592653589792
2.790907346410231
3.1234073464102323
-2.0040926535897885
-0.9540926535897842
0.2359073464102206
2.4234073464102295
-0.1840926535897811
2.825907346410231
-3.0365926535897927
-1.7415926535897874
0.6559073464102223
1.6184073464102262
2.108407346410228
2.4759073464102297
2.6159073464102303
-1.2690926535897855
-0.07909265358978068
2.9834073464102318
-2.9665926535897924
-2.9315926535897923
-2.42409265358979
-2.074092653589789
-1.7240926535897874
-1.1815926535897852
-0.09659265358978075
0.9884073464102237
2.283407346410229
-1.619092653589787
-0.9540926535897842
-0.3240926535897817
0.07840734641021996
-2.144092653589789
-1.5490926535897867
-1.0765926535897847
-0.8490926535897838
0.32340734641022095
1.075907346410224
1.2684073464102248
1.8809073464102273
-1.391592653589786
3.088407346410232
-1.7765926535897876
-0.07909265358978068
0.2359073464102206
0.7959073464102229
-2.33659265358979
1.1459073464102243
2.52840734641023
2.6509073464102304
-0.8315926535897837
-0.639092653589783
-0.04409265358978054
0.44590734641022145
1.565907346410226
2.2309073464102287
2.773407346410231
-1.7765926535897876
2.1434073464102283
-2.9665926535897924
-2.4940926535897905
-2.2665926535897896
-0.2540926535897814
0.13090734641022017
1.3909073464102253
0.5334073464102218
0.6034073464102221
0.7959073464102229
1.0409073464102239
2.300907346410229
2.7034073464102306
2.9659073464102317
-2.1965926535897893
-0.009092653589780397
-2.634092653589791
-0.11409265358978082
2.1784073464102285
2.283407346410229
2.300907346410229
-0.39409265358978196
-0.09659265358978075
0.07840734641021996
0.3584073464102211
1.2509073464102247
-2.9665926535897924
-2.616592653589791
-0.06159265358978061
0.6734073464102224
1.548407346410226
-3.071592653589793
0.9184073464102234
2.020907346410228
-2.4940926535897905
-2.2840926535897896
0.3059073464102209
1.828407346410227
-0.5690926535897827
-0.07909265358978068
1.0234073464102238
-2.0565926535897887
-0.41159265358978203
0.7959073464102229
1.4784073464102256
-0.02659265358978047
0.2884073464102208
2.2309073464102287
-2.091592653589789
1.6359073464102263
-1.9340926535897882
-1.3390926535897858
0.06090734641021989
2.1259073464102283
2.4409073464102296
2.56340734641023
2.825907346410231
-1.7940926535897876
-0.5515926535897826
-0.3765926535897819
-0.06159265358978061
1.4084073464102254
1.4959073464102257
2.283407346410229
-1.9865926535897884
0.32340734641022095
0.4109073464102213
1.2684073464102248
-1.4965926535897864
-0.1840926535897811
1.7234073464102266
-0.9365926535897842
2.755907346410231
2.808407346410231
2.9659073464102317
3.018407346410232
-1.1115926535897849
-0.23659265358978132
0.07840734641021996
2.6684073464102305
-1.1115926535897849
-0.7440926535897834
-0.656592653589783
-0.5340926535897825
2.58090734641023
-1.5665926535897867
0.14840734641022024
1.1984073464102245
2.2134073464102286
-1.0240926535897845
1.6534073464102264
-2.7215926535897914
-1.654092653589787
-1.5315926535897866
-1.4615926535897863
-0.7090926535897832
1.2159073464102246
1.548407346410226
-2.9315926535897923
-1.2515926535897854
-0.4465926535897822
2.055907346410228
-2.35409265358979
-1.619092653589787
-1.4615926535897863
-0.09659265358978075
-2.35409265358979
-0.39409265358978196
0.3059073464102209
1.7759073464102269
-1.409092653589786
-1.2690926535897855
0.25340734641022067
0.9184073464102234
1.1634073464102244
2.9484073464102316
0.9884073464102237
-0.16659265358978104
-0.11409265358978082
-0.09659265358978075
0.2359073464102206
0.6384073464102222
1.0234073464102238
1.4784073464102256
-2.0565926535897887
1.9159073464102274
-2.38909265358979
-0.4290926535897821
-0.41159265358978203
1.093407346410224
2.1609073464102284
-2.4590926535897903
-0.9890926535897844
0.6034073464102221
1.338407346410225
3.035907346410232
-1.3215926535897857
1.4959073464102257
1.8984073464102273
2.4584073464102296
-2.5115926535897906
1.8809073464102273
-2.091592653589789
-1.1990926535897852
-0.02659265358978047
1.1459073464102243
-2.0215926535897886
2.9659073464102317
-2.844092653589792
-2.7040926535897913
-2.2840926535897896
-2.109092653589789
0.5334073464102218
1.5134073464102258
3.070907346410232
-0.5515926535897826
0.9884073464102237
1.320907346410225
-2.2840926535897896
0.07840734641021996
0.7609073464102227
1.8634073464102272
2.9134073464102315
-2.6865926535897913
0.043407346410219816
0.7434073464102227
-1.2690926535897855
-0.5165926535897825
1.1284073464102242
1.2509073464102247
1.9509073464102276
0.13090734641022017
1.075907346410224
-1.881592653589788
-1.8465926535897879
-0.1315926535897809
0.1134073464102201
0.6559073464102223
2.055907346410228
2.4234073464102295
2.808407346410231
-3.0365926535897927
-2.7215926535897914
-0.7090926535897832
0.4809073464102216
1.6534073464102264
1.8634073464102272
1.4084073464102254
-2.33659265358979
-2.0390926535897886
-2.8090926535897918
-2.7565926535897916
-2.5640926535897908
-1.6015926535897869
-1.0765926535897847
1.9684073464102276
-2.7565926535897916
-2.4415926535897903
-0.901592653589784
-0.21909265358978125
2.300907346410229
-2.4940926535897905
1.3909073464102253
1.565907346410226
3.070907346410232
-1.3565926535897859
-0.16659265358978104
-2.179092653589789
-1.881592653589788
1.6709073464102264
2.3884073464102293
2.6684073464102305
-1.9515926535897883
-1.7065926535897873
0.6209073464102222
2.4409073464102296
2.52840734641023
0.1134073464102201
-2.144092653589789
1.3559073464102251
-2.9490926535897923
-1.4965926535897864
1.9159073464102274
2.6859073464102305
2.843407346410231
3.1059073464102323
-2.7565926535897916
-1.9515926535897883
-1.2340926535897854
0.13090734641022017
0.7959073464102229
3.1409073464102324
-1.5490926535897867
-0.8140926535897837
0.27090734641022074
1.5134073464102258
-1.0765926535897847
0.8659073464102232
1.6184073464102262
2.4759073464102297
-2.2840926535897896
-2.0565926535897887
1.3559073464102251
1.8634073464102272
2.4934073464102298
-2.4940926535897905
-1.6890926535897872
-1.409092653589786
-0.7265926535897833
0.6909073464102224
2.2134073464102286
-0.11409265358978082
0.6734073464102224
-3.0190926535897926
0.9009073464102233
1.7584073464102268
-1.3565926535897859
-1.3215926535897857
-0.6215926535897829
2.038407346410228
-1.654092653589787
-1.391592653589786
-0.7615926535897835
1.5309073464102259
2.825907346410231
-1.2690926535897855
-0.14909265358978097
0.18340734641022038
2.2309073464102287
-2.6865926535897913
-0.884092653589784
1.0059073464102237
2.020907346410228
-2.599092653589791
-2.2490926535897895
-0.8315926535897837
1.2684073464102248
2.9309073464102315
-1.619092653589787
-1.5665926535897867
1.4959073464102257
1.8809073464102273
-1.619092653589787
-1.4790926535897864
-0.6040926535897828
0.9534073464102235
1.2684073464102248
-1.146592653589785
-1.0240926535897845
-0.6040926535897828
-1.5665926535897867
-1.4440926535897862
2.9484073464102316
-1.0065926535897844
1.3909073464102253
2.6859073464102305
1.5134073464102258
2.4584073464102296
-3.124092653589793
-0.4465926535897822
0.043407346410219816
0.27090734641022074
0.49840734641022166
-2.844092653589792
-1.864092653589788
1.1809073464102244
1.828407346410227
2.108407346410228
-0.7790926535897835
0.340907346410221
1.1809073464102244
1.6009073464102261
2.1959073464102286
2.9134073464102315
-2.38909265358979
-1.374092653589786
-0.09659265358978075
1.2684073464102248
-1.8465926535897879
-1.5315926535897866
0.7084073464102225
0.7259073464102226
-1.1990926535897852
0.8484073464102231
-1.9515926535897883
-1.864092653589788
-0.5165926535897825
1.6359073464102263
2.790907346410231
3.035907346410232
-2.896592653589792
2.073407346410228
2.3709073464102293
-2.669092653589791
-1.654092653589787
-0.5340926535897825
1.6709073464102264
2.4584073464102296
-2.5465926535897907
0.6209073464102222
1.793407346410227
2.2134073464102286
-2.826592653589792
0.830907346410223
0.9534073464102235
0.21840734641022053
1.1809073464102244
1.2509073464102247
1.6884073464102265
1.9859073464102277
3.053407346410232
-0.639092653589783
1.9859073464102277
2.2484073464102288
-2.7215926535897914
-0.04409265358978054
1.7759073464102269
2.8609073464102313
2.9134073464102315
3.1234073464102323
-2.879092653589792
-2.2315926535897894
0.4634073464102215
1.0409073464102239
-1.2865926535897856
-0.06159265358978061
0.37590734641022117
1.3734073464102252
1.5309073464102259
1.6884073464102265
-1.619092653589787
-1.2690926535897855
-0.4990926535897824
0.8834073464102232
1.5134073464102258
2.3709073464102293
2.755907346410231
-3.0190926535897926
-2.7740926535897916
-1.7415926535897874
-1.4440926535897862
-0.9365926535897842
-0.3065926535897816
0.21840734641022053
3.053407346410232
-3.0365926535897927
-1.5665926535897867
2.4584073464102296
3.070907346410232
-2.4765926535897904
-2.144092653589789
-0.901592653589784
0.6559073464102223
1.6534073464102264
2.3884073464102293
-1.1815926535897852
-0.1840926535897811
-0.06159265358978061
2.1259073464102283
2.2134073464102286
2.755907346410231
-1.9865926535897884
-1.5315926535897866
-0.639092653589783
-0.02659265358978047
0.39340734641022124
2.6684073464102305
0.14840734641022024
0.7609073464102227
-1.0590926535897847
-0.04409265358978054
1.5309073464102259
-2.914092653589792
-0.04409265358978054
2.020907346410228
2.318407346410229
-2.4590926535897903
-2.091592653589789
1.0059073464102237
1.075907346410224
3.035907346410232
-2.8090926535897918
-2.2315926535897894
-1.5665926535897867
-1.1990926535897852
-1.5490926535897867
-1.2165926535897853
-0.6215926535897829
-2.161592653589789
-0.4990926535897824
-0.27159265358978146
0.9009073464102233
2.020907346410228
2.300907346410229
2.3884073464102293
-2.7390926535897915
-1.5490926535897867
0.025907346410219745
2.020907346410228
2.038407346410228
2.1784073464102285
2.4234073464102295
-2.0040926535897885
-1.6890926535897872
-1.2165926535897853
-0.1840926535897811
-1.4265926535897862
-3.124092653589793
-1.0590926535897847
1.338407346410225
-0.7965926535897836
-0.4465926535897822
0.7784073464102228
-1.4965926535897864
-1.391592653589786
1.1459073464102243
0.043407346410219816
0.3059073464102209
0.9184073464102234
1.7234073464102266
2.59840734641023
2.6159073464102303
-0.5865926535897827
-0.4465926535897822
0.2884073464102208
1.8634073464102272
2.038407346410228
2.755907346410231
-1.4440926535897862
-0.656592653589783
0.18340734641022038
0.32340734641022095
1.3734073464102252
1.6709073464102264
2.51090734641023
-2.4415926535897903
-3.0015926535897925
-1.374092653589786
-3.124092653589793
-1.374092653589786
-1.0590926535897847
-0.3240926535897817
0.32340734641022095
2.090907346410228
2.773407346410231
-2.7040926535897913
-2.38909265358979
-1.899092653589788
-0.8490926535897838
-0.7790926535897835
-0.6915926535897832
1.1459073464102243
-1.9165926535897881
-1.7415926535897874
-1.619092653589787
0.7434073464102227
-2.3015926535897897
-1.4440926535897862
0.7434073464102227
-2.4940926535897905
-1.5140926535897865
-0.7790926535897835
1.9684073464102276
1.8459073464102271
1.8634073464102272
2.7034073464102306
-3.124092653589793
-0.7440926535897834
-0.4465926535897822
0.8834073464102232
1.6184073464102262
2.055907346410228
-1.6015926535897869
-1.0940926535897848
-0.7090926535897832
-0.4990926535897824
1.1459073464102243
1.6884073464102265
2.283407346410229
-1.8290926535897878
-1.3390926535897858
-0.3065926535897816
0.340907346410221
-1.2690926535897855
-1.0765926535897847
1.0409073464102239
1.1109073464102242
2.2309073464102287
-2.6865926535897913
1.3559073464102251
-1.1115926535897849
-2.3190926535897898
1.2684073464102248
-2.581592653589791
0.4284073464102214
-0.4990926535897824
-0.3765926535897819
0.340907346410221
0.39340734641022124
0.6734073464102224
-1.0590926535897847
-0.7615926535897835
-0.5865926535897827
-0.1315926535897809
1.7409073464102267
2.7209073464102307
-1.2340926535897854
-0.28909265358978153
2.265907346410229
-0.009092653589780397
0.6559073464102223
0.7434073464102227
0.8834073464102232
-2.844092653589792
-2.5115926535897906
-2.4415926535897903
0.07840734641021996
2.3709073464102293
2.8959073464102314
0.3059073464102209
2.108407346410228
2.335907346410229
-3.089092653589793
-1.3215926535897857
2.4234073464102295
-0.2540926535897814
1.1809073464102244
-3.0015926535897925
0.008407346410219674
2.773407346410231
1.8459073464102271
-1.0590926535897847
-0.8140926535897837
0.9009073464102233
2.353407346410229
2.59840734641023
-2.861592653589792
1.0409073464102239
1.810907346410227
2.51090734641023
-1.4440926535897862
0.1659073464102203
1.9334073464102275
-1.8115926535897877
-0.41159265358978203
0.7609073464102227
-1.7765926535897876
-1.3565926535897859
2.335907346410229
2.8784073464102313
-1.7940926535897876
0.49840734641022166
1.0234073464102238
2.073407346410228
2.6509073464102304
-2.1965926535897893
-0.5340926535897825
1.9509073464102276
2.3884073464102293
-2.161592653589789
-0.3065926535897816
1.5309073464102259
1.828407346410227
2.108407346410228
2.56340734641023
-3.106592653589793
-2.6865926535897913
-2.2840926535897896
0.7084073464102225
2.9134073464102315
-0.9715926535897843
1.6884073464102265
2.353407346410229
-2.5290926535897906
1.1984073464102245
-1.1815926535897852
0.008407346410219674
2.108407346410228
3.018407346410232
1.058407346410224
2.1434073464102283
2.6859073464102305
2.7384073464102308
-2.5640926535897908
-1.7415926535897874
-1.4790926535897864
1.3559073464102251
1.4434073464102255
2.038407346410228
2.6159073464102303
1.3909073464102253
1.6534073464102264
-1.9340926535897882
-2.7390926535897915
-2.074092653589789
-2.0390926535897886
-1.881592653589788
-0.8315926535897837
-2.5465926535897907
-1.7590926535897875
0.568407346410222
0.830907346410223
-2.4415926535897903
2.4934073464102298
1.7059073464102266
3.070907346410232
-1.7415926535897874
-0.3240926535897817
0.7959073464102229
1.2859073464102249
-2.0390926535897886
-0.5340926535897825
0.4284073464102214
-3.106592653589793
2.020907346410228
2.2309073464102287
2.9659073464102317
-2.826592653589792
-2.4415926535897903
-0.41159265358978203
-0.16659265358978104
0.39340734641022124
-1.5490926535897867
-1.3565926535897859
0.14840734641022024
2.4759073464102297
-2.35409265358979
0.9184073464102234
1.6009073464102261
-2.4940926535897905
0.09590734641022003
-2.7915926535897917
-2.179092653589789
2.038407346410228
2.4759073464102297
-3.124092653589793
-1.3390926535897858
-1.3040926535897857
-0.8315926535897837
-1.9515926535897883
-0.9890926535897844
2.825907346410231
-2.9315926535897923
-0.11409265358978082
-0.8315926535897837
0.2359073464102206
0.5334073464102218
2.58090734641023
-2.669092653589791
-2.0565926535897887
0.5509073464102219
2.7209073464102307
2.9484073464102316
-0.2540926535897814
2.020907346410228
2.58090734641023
0.44590734641022145
1.1459073464102243
1.8459073464102271
2.283407346410229
-2.9315926535897923
-0.5690926535897827
-0.09659265358978075
-0.06159265358978061
0.7259073464102226
0.9009073464102233
-2.0040926535897885
-1.0940926535897848
-0.09659265358978075
1.6884073464102265
-3.0540926535897928
-2.2665926535897896
0.008407346410219674
0.025907346410219745
0.340907346410221
0.7084073464102225
-1.1815926535897852
-1.0765926535897847
1.0059073464102237
1.9159073464102274
2.7034073464102306
-2.42409265358979
-2.091592653589789
-1.636592653589787
-1.1990926535897852
0.06090734641021989
0.6559073464102223
1.548407346410226
2.1434073464102283
1.338407346410225
2.7034073464102306
0.8834073464102232
1.7059073464102266
-2.5115926535897906
-1.0940926535897848
-0.5690926535897827
0.13090734641022017
2.6509073464102304
-3.141592653589793
-1.8465926535897879
-1.654092653589787
-1.1990926535897852
-0.04409265358978054
2.4759073464102297
-3.0540926535897928
-0.4465926535897822
-0.06159265358978061
0.7609073464102227
-3.106592653589793
-2.879092653589792
-2.826592653589792
0.008407346410219674
-2.616592653589791
-1.6715926535897871
1.9684073464102276
3.053407346410232
-2.2140926535897894
-1.4265926535897862
0.830907346410223
1.0409073464102239
2.038407346410228
-0.9890926535897844
-0.07909265358978068
-0.8665926535897839
-0.8140926535897837
-2.5290926535897906
1.9509073464102276
1.9684073464102276
-2.0215926535897886
0.7434073464102227
1.8634073464102272
2.4759073464102297
-2.9490926535897923
-2.7915926535897917
-0.8315926535897837
-2.9315926535897923
-0.3590926535897818
0.9184073464102234
2.108407346410228
2.52840734641023
3.1409073464102324
-2.879092653589792
-2.0215926535897886
-1.2515926535897854
-0.884092653589784
1.548407346410226
-1.864092653589788
-1.129092653589785
-0.14909265358978097
0.21840734641022053
-2.669092653589791
0.8834073464102232
1.1634073464102244
2.300907346410229
-0.5865926535897827
0.043407346410219816
0.25340734641022067
1.075907346410224
-2.7215926535897914
-0.5690926535897827
2.6159073464102303
-2.896592653589792
-1.654092653589787
-0.27159265358978146
2.3709073464102293
2.4759073464102297
0.7259073464102226
-2.9315926535897923
-2.5290926535897906
-1.409092653589786
0.9709073464102236
1.2859073464102249
-2.3190926535897898
-1.636592653589787
-0.9540926535897842
-0.3240926535897817
1.6184073464102262
2.318407346410229
0.7784073464102228
1.3909073464102253
2.7384073464102308
-2.7040926535897913
-1.0765926535897847
0.1659073464102203
1.1109073464102242
2.020907346410228
-2.914092653589792
-2.0390926535897886
-1.9165926535897881
-1.7240926535897874
-1.0415926535897846
1.6884073464102265
-2.826592653589792
-0.20159265358978118
0.2884073464102208
0.585907346410222
0.8659073464102232
1.0059073464102237
-1.881592653589788
2.3709073464102293
3.018407346410232
-2.161592653589789
-0.4815926535897823
1.0234073464102238
2.51090734641023
-1.5490926535897867
-0.6215926535897829
-0.3065926535897816
2.8959073464102314
-2.9490926535897923
-1.8290926535897878
-1.3215926535897857
-0.14909265358978097
1.7759073464102269
2.2309073464102287
-0.5165926535897825
0.7784073464102228
1.4259073464102254
3.053407346410232
0.25340734641022067
1.5134073464102258
1.8459073464102271
-2.861592653589792
-1.8465926535897879
-0.8140926535897837
0.8659073464102232
1.5309073464102259
2.4584073464102296
-2.879092653589792
-1.0415926535897846
-0.6915926535897832
-0.27159265358978146
-2.5115926535897906
-0.3065926535897816
1.1984073464102245
-2.616592653589791
-1.9865926535897884
-1.7240926535897874
0.25340734641022067
1.2684073464102248
1.6009073464102261
2.1784073464102285
-2.7390926535897915
-1.0765926535897847
-0.1315926535897809
-0.8315926535897837
0.4809073464102216
2.7209073464102307
-1.2690926535897855
2.59840734641023
-2.616592653589791
0.6909073464102224
1.9859073464102277
2.318407346410229
2.3884073464102293
2.7384073464102308
-2.5115926535897906
1.093407346410224
0.6559073464102223
1.7234073464102266
-2.37159265358979
-1.9515926535897883
0.6384073464102222
-0.7790926535897835
-0.7090926535897832
0.008407346410219674
0.20090734641022046
-2.40659265358979
-0.3065926535897816
-0.16659265358978104
1.338407346410225
2.2134073464102286
2.7034073464102306
-2.5115926535897906
-2.42409265358979
-1.881592653589788
-1.7065926535897873
-1.2690926535897855
2.318407346410229
-2.5640926535897908
-1.881592653589788
-1.0765926535897847
0.6034073464102221
1.9334073464102275
2.8784073464102313
-1.8290926535897878
-0.39409265358978196
1.828407346410227
-2.616592653589791
0.6034073464102221
1.8459073464102271
-3.141592653589793
-2.144092653589789
0.44590734641022145
2.8959073464102314
-1.0940926535897848
1.6534073464102264
2.300907346410229
2.4584073464102296
2.6684073464102305
-2.914092653589792
-2.0040926535897885
2.2134073464102286
1.583407346410226
1.793407346410227
2.773407346410231
1.0234073464102238
-2.6865926535897913
-0.1315926535897809
0.5334073464102218
1.6009073464102261
2.8609073464102313
-2.7565926535897916
0.14840734641022024
2.59840734641023
-0.9190926535897841
0.6559073464102223
-2.7040926535897913
-1.2340926535897854
1.1984073464102245
1.320907346410225
2.52840734641023
-2.2665926535897896
-1.7240926535897874
1.4084073464102254
1.7234073464102266
2.9484073464102316
-1.4790926535897864
0.2359073464102206
0.3584073464102211
1.075907346410224
1.6534073464102264
2.6859073464102305
2.9134073464102315
3.1234073464102323
-2.161592653589789
-1.864092653589788
0.7609073464102227
2.8959073464102314
-2.651592653589791
-2.4590926535897903
-0.9365926535897842
-0.14909265358978097
1.1284073464102242
-2.0565926535897887
0.025907346410219745
0.9009073464102233
2.9834073464102318
-1.8115926535897877
0.4634073464102215
0.7084073464102225
0.8134073464102229
1.8809073464102273
