-3.0
-3.0
-2.9825
-2.9825
-2.9825
-2.9825
-2.9825
-2.965
-2.965
-2.965
-2.965
-2.965
-2.9475
-2.9299999999999997
-2.9299999999999997
-2.9299999999999997
-2.9299999999999997
-2.9124999999999996
-2.9124999999999996
-2.9124999999999996
-2.9124999999999996
-2.9124999999999996
-2.9124999999999996
-2.8949999999999996
-2.8774999999999995
-2.8774999999999995
-2.8774999999999995
-2.8774999999999995
-2.8774999999999995
-2.8599999999999994
-2.8599999999999994
-2.8599999999999994
-2.8599999999999994
-2.8599999999999994
-2.8599999999999994
-2.8599999999999994
-2.8424999999999994
-2.8424999999999994
-2.8424999999999994
-2.8424999999999994
-2.8424999999999994
-2.8424999999999994
-2.8249999999999993
-2.8249999999999993
-2.8249999999999993
-2.8249999999999993
-2.8249999999999993
-2.8249999999999993
-2.807499999999999
-2.807499999999999
-2.807499999999999
-2.789999999999999
-2.789999999999999
-2.789999999999999
-2.789999999999999
-2.789999999999999
-2.772499999999999
-2.772499999999999
-2.772499999999999
-2.754999999999999
-2.754999999999999
-2.702499999999999
-2.702499999999999
-2.702499999999999
-2.702499999999999
-2.702499999999999
-2.702499999999999
-2.702499999999999
-2.702499999999999
-2.6849999999999987
-2.6849999999999987
-2.6674999999999986
-2.6674999999999986
-2.6674999999999986
-2.6674999999999986
-2.6674999999999986
-2.6674999999999986
-2.6499999999999986
-2.6499999999999986
-2.6499999999999986
-2.6324999999999985
-2.6324999999999985
-2.6324999999999985
-2.6324999999999985
-2.6324999999999985
-2.6149999999999984
-2.6149999999999984
-2.5974999999999984
-2.5799999999999983
-2.5799999999999983
-2.5799999999999983
-2.5799999999999983
-2.5624999999999982
-2.5624999999999982
-2.544999999999998
-2.527499999999998
-2.527499999999998
-2.509999999999998
-2.509999999999998
-2.509999999999998
-2.509999999999998
-2.509999999999998
-2.509999999999998
-2.492499999999998
-2.492499999999998
-2.492499999999998
-2.474999999999998
-2.474999999999998
-2.474999999999998
-2.474999999999998
-2.457499999999998
-2.457499999999998
-2.457499999999998
-2.457499999999998
-2.457499999999998
-2.4399999999999977
-2.4399999999999977
-2.4224999999999977
-2.4224999999999977
-2.4224999999999977
-2.4049999999999976
-2.4049999999999976
-2.3874999999999975
-2.3874999999999975
-2.3874999999999975
-2.3874999999999975
-2.3874999999999975
-2.3874999999999975
-2.3699999999999974
-2.3699999999999974
-2.3699999999999974
-2.3524999999999974
-2.3524999999999974
-2.3524999999999974
-2.3524999999999974
-2.3524999999999974
-2.3349999999999973
-2.3349999999999973
-2.3174999999999972
-2.3174999999999972
-2.299999999999997
-2.299999999999997
-2.299999999999997
-2.282499999999997
-2.282499999999997
-2.264999999999997
-2.264999999999997
-2.264999999999997
-2.247499999999997
-2.247499999999997
-2.247499999999997
-2.229999999999997
-2.212499999999997
-2.1949999999999967
-2.1949999999999967
-2.1949999999999967
-2.1949999999999967
-2.1949999999999967
-2.1949999999999967
-2.1774999999999967
-2.1774999999999967
-2.1774999999999967
-2.1774999999999967
-2.1599999999999966
-2.1424999999999965
-2.1249999999999964
-2.1074999999999964
-2.1074999999999964
-2.1074999999999964
-2.0899999999999963
-2.0899999999999963
-2.0899999999999963
-2.0724999999999962
-2.0724999999999962
-2.0724999999999962
-2.0724999999999962
-2.0724999999999962
-2.0724999999999962
-2.054999999999996
-2.054999999999996
-2.002499999999996
-2.002499999999996
-2.002499999999996
-2.002499999999996
-2.002499999999996
-2.002499999999996
-1.9849999999999959
-1.9849999999999959
-1.9674999999999958
-1.9674999999999958
-1.9674999999999958
-1.9674999999999958
-1.9674999999999958
-1.9674999999999958
-1.9674999999999958
-1.9674999999999958
-1.9499999999999957
-1.9499999999999957
-1.9499999999999957
-1.9324999999999957
-1.9324999999999957
-1.9324999999999957
-1.9324999999999957
-1.9149999999999956
-1.9149999999999956
-1.9149999999999956
-1.9149999999999956
-1.9149999999999956
-1.9149999999999956
-1.8799999999999955
-1.8799999999999955
-1.8799999999999955
-1.8449999999999953
-1.8449999999999953
-1.8449999999999953
-1.8449999999999953
-1.8274999999999952
-1.8274999999999952
-1.8099999999999952
-1.8099999999999952
-1.8099999999999952
-1.8099999999999952
-1.8099999999999952
-1.8099999999999952
-1.8099999999999952
-1.792499999999995
-1.792499999999995
-1.792499999999995
-1.774999999999995
-1.774999999999995
-1.774999999999995
-1.774999999999995
-1.774999999999995
-1.774999999999995
-1.774999999999995
-1.774999999999995
-1.774999999999995
-1.757499999999995
-1.757499999999995
-1.757499999999995
-1.757499999999995
-1.7399999999999949
-1.7399999999999949
-1.7399999999999949
-1.7399999999999949
-1.7399999999999949
-1.7399999999999949
-1.7399999999999949
-1.7399999999999949
-1.7224999999999948
-1.7224999999999948
-1.7049999999999947
-1.7049999999999947
-1.7049999999999947
-1.7049999999999947
-1.6874999999999947
-1.6874999999999947
-1.6874999999999947
-1.6874999999999947
-1.6699999999999946
-1.6699999999999946
-1.6699999999999946
-1.6524999999999945
-1.6524999999999945
-1.6524999999999945
-1.6524999999999945
-1.6349999999999945
-1.6349999999999945
-1.6174999999999944
-1.6174999999999944
-1.6174999999999944
-1.6174999999999944
-1.6174999999999944
-1.6174999999999944
-1.5999999999999943
-1.5999999999999943
-1.5999999999999943
-1.5999999999999943
-1.5999999999999943
-1.5999999999999943
-1.5999999999999943
-1.5824999999999942
-1.5824999999999942
-1.5649999999999942
-1.5649999999999942
-1.5649999999999942
-1.5649999999999942
-1.5649999999999942
-1.547499999999994
-1.547499999999994
-1.547499999999994
-1.547499999999994
-1.547499999999994
-1.529999999999994
-1.529999999999994
-1.529999999999994
-1.529999999999994
-1.529999999999994
-1.512499999999994
-1.512499999999994
-1.512499999999994
-1.494999999999994
-1.494999999999994
-1.494999999999994
-1.494999999999994
-1.4774999999999938
-1.4774999999999938
-1.4774999999999938
-1.4599999999999937
-1.4599999999999937
-1.4599999999999937
-1.4599999999999937
-1.4424999999999937
-1.4424999999999937
-1.4424999999999937
-1.4249999999999936
-1.4249999999999936
-1.4074999999999935
-1.4074999999999935
-1.4074999999999935
-1.4074999999999935
-1.4074999999999935
-1.4074999999999935
-1.4074999999999935
-1.3899999999999935
-1.3899999999999935
-1.3899999999999935
-1.3899999999999935
-1.3899999999999935
-1.3899999999999935
-1.3899999999999935
-1.3724999999999934
-1.3724999999999934
-1.3549999999999933
-1.3549999999999933
-1.3374999999999932
-1.3374999999999932
-1.3374999999999932
-1.3199999999999932
-1.3199999999999932
-1.3199999999999932
-1.3199999999999932
-1.3199999999999932
-1.302499999999993
-1.302499999999993
-1.302499999999993
-1.302499999999993
-1.284999999999993
-1.284999999999993
-1.267499999999993
-1.267499999999993
-1.267499999999993
-1.249999999999993
-1.249999999999993
-1.249999999999993
-1.249999999999993
-1.2324999999999928
-1.2324999999999928
-1.2149999999999928
-1.2149999999999928
-1.2149999999999928
-1.2149999999999928
-1.2149999999999928
-1.2149999999999928
-1.2149999999999928
-1.1974999999999927
-1.1974999999999927
-1.1974999999999927
-1.1974999999999927
-1.1799999999999926
-1.1799999999999926
-1.1799999999999926
-1.1799999999999926
-1.1624999999999925
-1.1624999999999925
-1.1624999999999925
-1.1624999999999925
-1.1449999999999925
-1.1449999999999925
-1.1449999999999925
-1.1449999999999925
-1.1449999999999925
-1.1449999999999925
-1.1274999999999924
-1.1099999999999923
-1.1099999999999923
-1.1099999999999923
-1.1099999999999923
-1.1099999999999923
-1.1099999999999923
-1.1099999999999923
-1.0924999999999923
-1.0924999999999923
-1.0749999999999922
-1.0749999999999922
-1.0749999999999922
-1.0749999999999922
-1.0749999999999922
-1.0574999999999921
-1.0574999999999921
-1.0574999999999921
-1.0574999999999921
-1.0574999999999921
-1.039999999999992
-1.039999999999992
-1.039999999999992
-1.039999999999992
-1.022499999999992
-1.022499999999992
-1.004999999999992
-1.004999999999992
-1.004999999999992
-1.004999999999992
-0.9874999999999918
-0.9874999999999918
-0.9699999999999918
-0.9699999999999918
-0.9699999999999918
-0.9699999999999918
-0.9699999999999918
-0.9699999999999918
-0.9699999999999918
-0.9524999999999917
-0.9524999999999917
-0.9524999999999917
-0.9174999999999915
-0.9174999999999915
-0.9174999999999915
-0.9174999999999915
-0.9174999999999915
-0.8999999999999915
-0.8999999999999915
-0.8999999999999915
-0.8824999999999914
-0.8824999999999914
-0.8824999999999914
-0.8824999999999914
-0.8824999999999914
-0.8649999999999913
-0.8649999999999913
-0.8474999999999913
-0.8474999999999913
-0.8474999999999913
-0.8474999999999913
-0.8474999999999913
-0.8474999999999913
-0.8474999999999913
-0.8474999999999913
-0.8299999999999912
-0.8299999999999912
-0.8299999999999912
-0.8299999999999912
-0.8299999999999912
-0.8299999999999912
-0.8124999999999911
-0.794999999999991
-0.794999999999991
-0.777499999999991
-0.777499999999991
-0.777499999999991
-0.777499999999991
-0.777499999999991
-0.777499999999991
-0.7599999999999909
-0.7599999999999909
-0.7599999999999909
-0.7599999999999909
-0.7599999999999909
-0.7424999999999908
-0.7424999999999908
-0.7424999999999908
-0.7424999999999908
-0.7249999999999908
-0.7249999999999908
-0.7074999999999907
-0.7074999999999907
-0.7074999999999907
-0.7074999999999907
-0.7074999999999907
-0.6899999999999906
-0.6724999999999905
-0.6724999999999905
-0.6724999999999905
-0.6724999999999905
-0.6549999999999905
-0.6374999999999904
-0.6374999999999904
-0.6199999999999903
-0.6199999999999903
-0.6199999999999903
-0.6199999999999903
-0.6024999999999903
-0.6024999999999903
-0.5849999999999902
-0.5849999999999902
-0.5849999999999902
-0.5849999999999902
-0.5849999999999902
-0.5849999999999902
-0.5674999999999901
-0.5674999999999901
-0.5674999999999901
-0.5674999999999901
-0.54999999999999
-0.54999999999999
-0.54999999999999
-0.54999999999999
-0.53249999999999
-0.53249999999999
-0.53249999999999
-0.53249999999999
-0.53249999999999
-0.5149999999999899
-0.5149999999999899
-0.5149999999999899
-0.5149999999999899
-0.5149999999999899
-0.5149999999999899
-0.49749999999998984
-0.49749999999998984
-0.47999999999998977
-0.47999999999998977
-0.47999999999998977
-0.4624999999999897
-0.4624999999999897
-0.4624999999999897
-0.4624999999999897
-0.4449999999999896
-0.4449999999999896
-0.4449999999999896
-0.4449999999999896
-0.4449999999999896
-0.42749999999998956
-0.42749999999998956
-0.42749999999998956
-0.42749999999998956
-0.4099999999999895
-0.4099999999999895
-0.4099999999999895
-0.4099999999999895
-0.3924999999999894
-0.3924999999999894
-0.3924999999999894
-0.3924999999999894
-0.3924999999999894
-0.37499999999998934
-0.37499999999998934
-0.37499999999998934
-0.37499999999998934
-0.35749999999998927
-0.35749999999998927
-0.35749999999998927
-0.35749999999998927
-0.35749999999998927
-0.3399999999999892
-0.3399999999999892
-0.3399999999999892
-0.32249999999998913
-0.32249999999998913
-0.32249999999998913
-0.30499999999998906
-0.30499999999998906
-0.30499999999998906
-0.287499999999989
-0.287499999999989
-0.2699999999999889
-0.2699999999999889
-0.2699999999999889
-0.2699999999999889
-0.2699999999999889
-0.25249999999998884
-0.25249999999998884
-0.25249999999998884
-0.25249999999998884
-0.25249999999998884
-0.23499999999998877
-0.23499999999998877
-0.23499999999998877
-0.23499999999998877
-0.23499999999998877
-0.23499999999998877
-0.2174999999999887
-0.2174999999999887
-0.2174999999999887
-0.2174999999999887
-0.19999999999998863
-0.19999999999998863
-0.19999999999998863
-0.19999999999998863
-0.18249999999998856
-0.18249999999998856
-0.1649999999999885
-0.1649999999999885
-0.1649999999999885
-0.1649999999999885
-0.1649999999999885
-0.1649999999999885
-0.14749999999998842
-0.14749999999998842
-0.14749999999998842
-0.12999999999998835
-0.11249999999998828
-0.11249999999998828
-0.11249999999998828
-0.11249999999998828
-0.0949999999999882
-0.0949999999999882
-0.0949999999999882
-0.0949999999999882
-0.07749999999998813
-0.07749999999998813
-0.07749999999998813
-0.05999999999998806
-0.05999999999998806
-0.05999999999998806
-0.05999999999998806
-0.05999999999998806
-0.05999999999998806
-0.04249999999998799
-0.04249999999998799
-0.04249999999998799
-0.02499999999998792
-0.02499999999998792
-0.02499999999998792
-0.02499999999998792
-0.02499999999998792
-0.02499999999998792
-0.00749999999998785
-0.00749999999998785
-0.00749999999998785
-0.00749999999998785
0.010000000000012221
0.010000000000012221
0.010000000000012221
0.010000000000012221
0.010000000000012221
0.010000000000012221
0.027500000000012292
0.027500000000012292
0.027500000000012292
0.027500000000012292
0.027500000000012292
0.027500000000012292
0.027500000000012292
0.04500000000001236
0.04500000000001236
0.04500000000001236
0.04500000000001236
0.04500000000001236
0.04500000000001236
0.04500000000001236
0.04500000000001236
0.06250000000001243
0.06250000000001243
0.06250000000001243
0.06250000000001243
0.0800000000000125
0.0800000000000125
0.0800000000000125
0.0800000000000125
0.0800000000000125
0.0800000000000125
0.09750000000001258
0.09750000000001258
0.09750000000001258
0.09750000000001258
0.09750000000001258
0.09750000000001258
0.11500000000001265
0.11500000000001265
0.11500000000001265
0.11500000000001265
0.11500000000001265
0.11500000000001265
0.13250000000001272
0.13250000000001272
0.1500000000000128
0.1500000000000128
0.1500000000000128
0.16750000000001286
0.16750000000001286
0.16750000000001286
0.16750000000001286
0.202500000000013
0.202500000000013
0.202500000000013
0.202500000000013
0.202500000000013
0.22000000000001307
0.22000000000001307
0.22000000000001307
0.22000000000001307
0.23750000000001315
0.23750000000001315
0.23750000000001315
0.2550000000000132
0.2550000000000132
0.2550000000000132
0.2550000000000132
0.2550000000000132
0.2550000000000132
0.2550000000000132
0.2725000000000133
0.2725000000000133
0.2725000000000133
0.2725000000000133
0.2725000000000133
0.2725000000000133
0.2725000000000133
0.29000000000001336
0.29000000000001336
0.29000000000001336
0.29000000000001336
0.30750000000001343
0.3250000000000135
0.3250000000000135
0.3250000000000135
0.34250000000001357
0.34250000000001357
0.34250000000001357
0.36000000000001364
0.3775000000000137
0.3775000000000137
0.3950000000000138
0.3950000000000138
0.3950000000000138
0.3950000000000138
0.3950000000000138
0.3950000000000138
0.41250000000001386
0.41250000000001386
0.41250000000001386
0.41250000000001386
0.41250000000001386
0.41250000000001386
0.4300000000000139
0.4300000000000139
0.4300000000000139
0.447500000000014
0.447500000000014
0.447500000000014
0.447500000000014
0.46500000000001407
0.48250000000001414
0.48250000000001414
0.5000000000000142
0.5000000000000142
0.5000000000000142
0.5000000000000142
0.5000000000000142
0.5000000000000142
0.5000000000000142
0.5175000000000143
0.5350000000000144
0.5350000000000144
0.5350000000000144
0.5350000000000144
0.5350000000000144
0.5350000000000144
0.5525000000000144
0.5525000000000144
0.5525000000000144
0.5525000000000144
0.5700000000000145
0.5700000000000145
0.5700000000000145
0.5875000000000146
0.5875000000000146
0.5875000000000146
0.5875000000000146
0.6050000000000146
0.6050000000000146
0.6050000000000146
0.6225000000000147
0.6225000000000147
0.6225000000000147
0.6225000000000147
0.6225000000000147
0.6225000000000147
0.6400000000000148
0.6400000000000148
0.6400000000000148
0.6400000000000148
0.6400000000000148
0.6400000000000148
0.6400000000000148
0.6575000000000149
0.6575000000000149
0.6575000000000149
0.6575000000000149
0.6750000000000149
0.6750000000000149
0.6750000000000149
0.6750000000000149
0.6750000000000149
0.692500000000015
0.692500000000015
0.7100000000000151
0.7275000000000151
0.7275000000000151
0.7450000000000152
0.7450000000000152
0.7625000000000153
0.7625000000000153
0.7625000000000153
0.7625000000000153
0.7625000000000153
0.7800000000000153
0.7800000000000153
0.7800000000000153
0.7800000000000153
0.7800000000000153
0.7800000000000153
0.7975000000000154
0.7975000000000154
0.7975000000000154
0.8150000000000155
0.8150000000000155
0.8150000000000155
0.8150000000000155
0.8325000000000156
0.8325000000000156
0.8325000000000156
0.8325000000000156
0.8325000000000156
0.8325000000000156
0.8500000000000156
0.8500000000000156
0.8500000000000156
0.8675000000000157
0.8675000000000157
0.8675000000000157
0.8850000000000158
0.8850000000000158
0.9025000000000158
0.9025000000000158
0.9025000000000158
0.9200000000000159
0.937500000000016
0.937500000000016
0.937500000000016
0.937500000000016
0.937500000000016
0.9550000000000161
0.9550000000000161
0.9550000000000161
0.9550000000000161
0.9725000000000161
0.9725000000000161
0.9725000000000161
0.9900000000000162
0.9900000000000162
0.9900000000000162
1.0075000000000163
1.0075000000000163
1.0075000000000163
1.0075000000000163
1.0250000000000163
1.0250000000000163
1.0250000000000163
1.0250000000000163
1.0250000000000163
1.0425000000000164
1.0600000000000165
1.0600000000000165
1.0600000000000165
1.0775000000000166
1.0775000000000166
1.0775000000000166
1.0775000000000166
1.0775000000000166
1.0775000000000166
1.0950000000000166
1.0950000000000166
1.0950000000000166
1.0950000000000166
1.0950000000000166
1.1125000000000167
1.1125000000000167
1.1300000000000168
1.1475000000000168
1.1475000000000168
1.165000000000017
1.165000000000017
1.165000000000017
1.165000000000017
1.182500000000017
1.182500000000017
1.182500000000017
1.182500000000017
1.200000000000017
1.200000000000017
1.200000000000017
1.200000000000017
1.200000000000017
1.200000000000017
1.200000000000017
1.2175000000000171
1.2175000000000171
1.2350000000000172
1.2525000000000173
1.2525000000000173
1.2525000000000173
1.2525000000000173
1.2525000000000173
1.2700000000000173
1.2700000000000173
1.2700000000000173
1.2700000000000173
1.2875000000000174
1.2875000000000174
1.3050000000000175
1.3050000000000175
1.3225000000000176
1.3225000000000176
1.3225000000000176
1.3225000000000176
1.3400000000000176
1.3400000000000176
1.3400000000000176
1.3575000000000177
1.3575000000000177
1.3575000000000177
1.3575000000000177
1.3750000000000178
1.3750000000000178
1.3750000000000178
1.3750000000000178
1.3750000000000178
1.3925000000000178
1.3925000000000178
1.3925000000000178
1.3925000000000178
1.410000000000018
1.410000000000018
1.410000000000018
1.427500000000018
1.427500000000018
1.445000000000018
1.445000000000018
1.4625000000000181
1.4625000000000181
1.5150000000000183
1.5150000000000183
1.5150000000000183
1.5150000000000183
1.5325000000000184
1.5325000000000184
1.5325000000000184
1.5500000000000185
1.5500000000000185
1.5675000000000185
1.5675000000000185
1.5675000000000185
1.5850000000000186
1.6025000000000187
1.6025000000000187
1.6025000000000187
1.6025000000000187
1.6025000000000187
1.6200000000000188
1.6200000000000188
1.6200000000000188
1.6375000000000188
1.6375000000000188
1.6375000000000188
1.6375000000000188
1.655000000000019
1.655000000000019
1.655000000000019
1.655000000000019
1.655000000000019
1.655000000000019
1.672500000000019
1.672500000000019
1.672500000000019
1.672500000000019
1.690000000000019
1.690000000000019
1.690000000000019
1.690000000000019
1.690000000000019
1.690000000000019
1.7075000000000191
1.7075000000000191
1.7075000000000191
1.7075000000000191
1.7075000000000191
1.7250000000000192
1.7250000000000192
1.7250000000000192
1.7250000000000192
1.7250000000000192
1.7250000000000192
1.7250000000000192
1.7250000000000192
1.7425000000000193
1.7425000000000193
1.7600000000000193
1.7600000000000193
1.7775000000000194
1.7775000000000194
1.7950000000000195
1.7950000000000195
1.7950000000000195
1.8125000000000195
1.8125000000000195
1.8125000000000195
1.8125000000000195
1.8125000000000195
1.8125000000000195
1.8300000000000196
1.8300000000000196
1.8300000000000196
1.8300000000000196
1.8475000000000197
1.8475000000000197
1.8650000000000198
1.8650000000000198
1.8825000000000198
1.8825000000000198
1.8825000000000198
1.8825000000000198
1.90000000000002
1.90000000000002
1.90000000000002
1.90000000000002
1.90000000000002
1.91750000000002
1.91750000000002
1.93500000000002
1.93500000000002
1.95250000000002
1.95250000000002
1.95250000000002
1.9700000000000202
1.9700000000000202
1.9700000000000202
1.9700000000000202
1.9875000000000203
1.9875000000000203
1.9875000000000203
2.0050000000000203
2.0050000000000203
2.0050000000000203
2.0050000000000203
2.0050000000000203
2.0050000000000203
2.0225000000000204
2.0225000000000204
2.0225000000000204
2.0400000000000205
2.0400000000000205
2.0575000000000205
2.0575000000000205
2.0750000000000206
2.0750000000000206
2.0925000000000207
2.0925000000000207
2.0925000000000207
2.0925000000000207
2.1100000000000207
2.1100000000000207
2.1100000000000207
2.1100000000000207
2.127500000000021
2.127500000000021
2.127500000000021
2.145000000000021
2.145000000000021
2.145000000000021
2.145000000000021
2.145000000000021
2.162500000000021
2.180000000000021
2.180000000000021
2.180000000000021
2.180000000000021
2.180000000000021
2.197500000000021
2.197500000000021
2.197500000000021
2.197500000000021
2.197500000000021
2.197500000000021
2.215000000000021
2.215000000000021
2.2325000000000212
2.2500000000000213
2.2500000000000213
2.2500000000000213
2.2500000000000213
2.2500000000000213
2.2675000000000214
2.2675000000000214
2.2675000000000214
2.2675000000000214
2.2675000000000214
2.2675000000000214
2.2850000000000215
2.2850000000000215
2.2850000000000215
2.3025000000000215
2.3025000000000215
2.3025000000000215
2.3200000000000216
2.3200000000000216
2.3200000000000216
2.3375000000000217
2.3375000000000217
2.3375000000000217
2.3375000000000217
2.3550000000000217
2.3550000000000217
2.3550000000000217
2.3550000000000217
2.372500000000022
2.372500000000022
2.372500000000022
2.372500000000022
2.372500000000022
2.372500000000022
2.390000000000022
2.390000000000022
2.390000000000022
2.390000000000022
2.407500000000022
2.407500000000022
2.407500000000022
2.425000000000022
2.425000000000022
2.425000000000022
2.425000000000022
2.425000000000022
2.425000000000022
2.442500000000022
2.442500000000022
2.442500000000022
2.442500000000022
2.460000000000022
2.460000000000022
2.460000000000022
2.4775000000000222
2.4775000000000222
2.4775000000000222
2.4775000000000222
2.4775000000000222
2.4775000000000222
2.4775000000000222
2.4950000000000223
2.4950000000000223
2.4950000000000223
2.5125000000000224
2.5125000000000224
2.5125000000000224
2.5300000000000225
2.5300000000000225
2.5475000000000225
2.5475000000000225
2.5475000000000225
2.5475000000000225
2.5475000000000225
2.5475000000000225
2.5650000000000226
2.5650000000000226
2.5825000000000227
2.5825000000000227
2.6000000000000227
2.6000000000000227
2.6000000000000227
2.617500000000023
2.617500000000023
2.617500000000023
2.617500000000023
2.635000000000023
2.635000000000023
2.635000000000023
2.635000000000023
2.635000000000023
2.635000000000023
2.652500000000023
2.652500000000023
2.652500000000023
2.652500000000023
2.652500000000023
2.652500000000023
2.670000000000023
2.670000000000023
2.670000000000023
2.670000000000023
2.670000000000023
2.670000000000023
2.687500000000023
2.687500000000023
2.687500000000023
2.705000000000023
2.705000000000023
2.705000000000023
2.7225000000000232
2.7225000000000232
2.7225000000000232
2.7225000000000232
2.7400000000000233
2.7400000000000233
2.7400000000000233
2.7400000000000233
2.7400000000000233
2.7575000000000234
2.7575000000000234
2.7575000000000234
2.7750000000000234
2.7750000000000234
2.7750000000000234
2.7925000000000235
2.8100000000000236
2.8100000000000236
2.8100000000000236
2.8100000000000236
2.8100000000000236
2.8275000000000237
2.8275000000000237
2.8275000000000237
2.8450000000000237
2.8450000000000237
2.862500000000024
2.862500000000024
2.862500000000024
2.862500000000024
2.862500000000024
2.880000000000024
2.880000000000024
2.880000000000024
2.880000000000024
2.880000000000024
2.897500000000024
2.915000000000024
2.915000000000024
2.915000000000024
2.915000000000024
2.915000000000024
2.915000000000024
2.915000000000024
2.932500000000024
2.932500000000024
2.932500000000024
2.932500000000024
2.950000000000024
2.950000000000024
2.950000000000024
2.950000000000024
2.950000000000024
2.9675000000000242
2.9675000000000242
2.9675000000000242
2.9675000000000242
2.9850000000000243
2.9850000000000243
2.9850000000000243
2.9850000000000243
2.9850000000000243
